win	turns/game	reward/game	average Q value	loss
0.0133333333333	66.9566666667	-0.896732893374	-0.0190156383716	0.00218347468628
0.150442477876	88.8230088496	-0.633964641325	-0.00311487189125	0.00200685083906
0.25641025641	86.2136752137	-0.437803069874	0.0379856345488	0.00245657850084
0.269230769231	97.2019230769	-0.394601477903	0.0531761442496	0.00242243921697
0.191919191919	101.676767677	-0.525819454204	0.0400145764196	0.00181493024242
0.166666666667	98.4705882353	-0.583193446573	0.0378899487984	0.00182557248071
0.221153846154	97.2788461538	-0.465964690391	0.0260793141261	0.00161477491038
0.223404255319	108.14893617	-0.433316296693	0.0416502430719	0.00177923511076
0.202127659574	107.244680851	-0.491710778222	0.0313498559697	0.0016137100755
0.170212765957	107.127659574	-0.534937732395	0.0418161615829	0.00160485929934
0.164948453608	103.618556701	-0.580011004855	0.030036298983	0.00152972464403
0.22	100.23	-0.452230027567	0.033360114698	0.00171920122532
0.197802197802	110.615384615	-0.491337121433	0.0295756929764	0.00159002901035
0.207547169811	94.6132075472	-0.487033330619	0.0463299316017	0.00199230511793
0.142857142857	102.12244898	-0.602342438317	0.0168706132023	0.0017410950296
0.134831460674	113.719101124	-0.627109227005	0.00766577858702	0.00126687517299
0.193548387097	108.494623656	-0.511384848652	0.0443387817562	0.00155718549234
0.26	100.4	-0.402369381251	0.0338253582965	0.00182838947198
0.265306122449	103.56122449	-0.362297304006	0.0390121523358	0.00194754359065
0.204301075269	107.827956989	-0.506810482206	0.0281039333023	0.00184921187268
0.212121212121	101.666666667	-0.483804022606	0.0223907110056	0.00152734023746
0.184782608696	109.293478261	-0.520433886125	0.0735406669405	0.00433898821617
0.27	101.32	-0.364753947789	0.0281364862507	0.00195552379811
0.161616161616	101.212121212	-0.588053735357	0.0173657845656	0.00143145677551
0.311111111111	111.611111111	-0.312971554983	0.0328330668548	0.00158876370172
0.130434782609	109.054347826	-0.63361340855	0.0269259611856	0.00154097169029
0.17	101.43	-0.542786799037	0.00602140779928	0.00138220959481
0.21568627451	98.568627451	-0.488816521686	0.0167981843867	0.00179146103848
