win	turns/game	reward/game	average Q value	loss
0.00919305413687	61.2962206333	-0.913019190069	-0.00374984789122	0.00253961894634
0.027027027027	90.1981981982	-0.853612460157	-0.011418326117	0.00242003340429
0.107142857143	89.6160714286	-0.727805432904	-0.0101617228805	0.00260775434427
0.0990099009901	99.0099009901	-0.713522893607	-0.00728968385581	0.00222374992507
0.148514851485	99.4554455446	-0.632596923989	-0.00557652542787	0.00188060274341
0.127272727273	91.0363636364	-0.659184667996	-0.00480820454171	0.00185651019293
0.15	101.31	-0.613789488187	0.0125015701388	0.0019599655991
0.16814159292	88.5044247788	-0.593451378453	0.0280962559507	0.00201616243897
0.168067226891	84.4117647059	-0.60055050709	0.0298114420915	0.00203522474096
0.0677966101695	84.8220338983	-0.766760835095	0.0154326545604	0.0019884520824
0.168067226891	84.8403361345	-0.606142435025	0.041036762012	0.00263341739536
0.126126126126	90.1891891892	-0.660618837549	0.0139035244889	0.00226018585428
0.166666666667	87.9210526316	-0.579483236967	0.0171549630565	0.0021679885845
0.171428571429	95.4380952381	-0.564488555479	0.0213793112354	0.00227811912986
0.175257731959	103.670103093	-0.549984093176	0.0222089923204	0.00226041972382
0.245098039216	98.5588235294	-0.459100391402	0.0272857736576	0.00214419687696
0.268518518519	94.1203703704	-0.379611319601	0.0346741026589	0.00208685880123
0.19	100.44	-0.513074671561	0.03211169459	0.0021059261287
0.170212765957	106.425531915	-0.53756356297	0.0245309393037	0.0018810784511
0.281553398058	98.854368932	-0.371068106257	0.0360175105845	0.00182016994695
0.183673469388	102.785714286	-0.52458922826	0.0307365866268	0.00180399171904
0.257425742574	99.8217821782	-0.395282997482	0.0318368985296	0.00172030739765
0.2	95.4476190476	-0.496205918172	0.0319950658406	0.00169031936512
0.237623762376	100.415841584	-0.427106166767	0.0378167469588	0.00170763633494
0.252631578947	106.284210526	-0.406438934304	0.0389196730568	0.00179115223006
0.281553398058	98.9514563107	-0.356468285238	0.0415386170831	0.00169623073113
0.191919191919	102.101010101	-0.502750257524	0.0329002320706	0.00182074606957
0.274509803922	98.3529411765	-0.390710658303	0.041125739901	0.00186977309188
0.216494845361	103.371134021	-0.448944173169	0.0318806607714	0.00184611629054
0.259615384615	97.3653846154	-0.395180755101	0.0313400887154	0.00186677275344
0.207547169811	94.7735849057	-0.526562222699	0.0287161249157	0.00203274470417
0.128712871287	99.0396039604	-0.649301272539	0.0291116295243	0.0019194728258
0.157303370787	112.966292135	-0.589901699989	0.0242000281743	0.00184903375905
0.196261682243	93.5140186916	-0.524106350375	0.0247504206022	0.0018186545867
0.298969072165	103.360824742	-0.359450801275	0.0247837657477	0.00176575272273
0.263157894737	105.494736842	-0.403092042242	0.0206758736011	0.00174473405655
0.219047619048	95.3523809524	-0.48003979288	0.0154996383318	0.0018292315607
0.266055045872	91.9908256881	-0.391481283926	0.0218591555272	0.00189158031729
0.20202020202	102.676767677	-0.490639976734	0.0198736833855	0.00193677956281
