win	turns/game	reward/game	average Q value	loss
0.00745473908413	58.6624068158	-0.923621418195	0.0102603682075	0.00262389080773
0.107142857143	90.5714285714	-0.752567288482	-0.00159142057659	0.00227992856804
0.0508474576271	86.2033898305	-0.823516706647	-0.0215348745944	0.00199929497121
0.0689655172414	86.3448275862	-0.800808329534	-0.0275794387379	0.00196203207647
0.0862068965517	87.2068965517	-0.765904619236	-0.0238635866339	0.00196438650594
0.0655737704918	82.6229508197	-0.768495452256	-0.0286788641531	0.00182705941121
0.0925925925926	92.6481481481	-0.745290480938	-0.0201634193424	0.00192098769516
0.109090909091	92.4909090909	-0.67518474844	-0.00306374136779	0.00198069614318
0.169811320755	94.9622641509	-0.565750510542	0.00887072661516	0.00196670639937
0.173913043478	110.065217391	-0.596390046669	0.0130219951429	0.00189628932441
0.145833333333	104.895833333	-0.610903895941	0.00299091182771	0.00177907295327
0.22641509434	94.8490566038	-0.482466433573	0.00589418679644	0.00175933183814
0.153846153846	98.3846153846	-0.604587384186	0.00699835794014	0.00184838792038
0.148936170213	108.744680851	-0.583040856402	0.0152494263443	0.00186598411868
0.166666666667	104.770833333	-0.585080693341	0.0359261982749	0.00196003922082
0.255319148936	106.85106383	-0.37244363695	0.0303384007985	0.00180683871129
0.207547169811	95.7358490566	-0.534406427341	0.0314908239504	0.00188619206228
0.176470588235	100.31372549	-0.541128992762	0.0347008025165	0.00182180346853
0.11320754717	97.4150943396	-0.663941720506	0.02753590031	0.00176696099398
0.135593220339	85.6101694915	-0.633450362271	0.0304632227664	0.00190442111327
0.211538461538	97.1923076923	-0.471754581105	0.0259224023087	0.00183827282526
0.204081632653	103.714285714	-0.465364223774	0.0279335039156	0.00177930239493
0.148936170213	110.042553191	-0.611990560353	0.0201490796611	0.00166677075427
0.244897959184	103.510204082	-0.448917391207	0.0332232989615	0.00162300775801
0.22	101.64	-0.494572749788	0.0243632435287	0.00161834420563
0.166666666667	104.479166667	-0.573357599956	0.01952570103	0.00150826938741
0.16	102.06	-0.560848759489	0.0263110303231	0.0015225715446
0.302325581395	117.465116279	-0.315376759089	0.0321070420115	0.00153203553582
0.24	100.66	-0.45677193678	0.0212537031438	0.00156264008518
0.339622641509	95.9811320755	-0.264300422883	0.0261728904687	0.0015782607757
0.24	101.46	-0.429869044812	0.0218443762122	0.00153791489247
0.288461538462	96.3269230769	-0.325434436273	0.0334943465818	0.00159719845086
0.260869565217	108.826086957	-0.417364931617	0.0572658472431	0.00162350732561
0.218181818182	92.9636363636	-0.481653848771	0.0239112642323	0.00165302976694
0.241379310345	87.0862068966	-0.443941379202	0.0238474284667	0.00161199573544
0.311111111111	111.333333333	-0.298490213147	0.0360537839682	0.00186164075339
0.25	115.136363636	-0.42520969397	0.032902809703	0.00173778326968
0.160714285714	89.625	-0.590388657935	0.0224763419925	0.00175332810491
0.127272727273	91.4181818182	-0.630925085389	0.0292032719755	0.00180325485315
0.207547169811	95.9056603774	-0.5111470224	0.0282826272337	0.00181493762035
0.203703703704	93.4814814815	-0.471896397489	0.026094833257	0.00189260028942
0.211538461538	97.0192307692	-0.481205270539	0.0191792479349	0.00185546709352
0.12962962963	93.8333333333	-0.63541168461	0.00846910798347	0.00191084801548
0.224489795918	102.326530612	-0.416591605172	0.0198429954903	0.0018762537783
0.140350877193	88.6842105263	-0.614767308467	0.0240885627133	0.00214528985034
0.125	90.5	-0.654473014806	0.0161150543403	0.00188092699821
0.142857142857	89.9821428571	-0.607796963692	0.00194616235324	0.00184010117374
0.203703703704	93.462962963	-0.506442947988	0.0119774375806	0.00190644939499
0.150943396226	95.8301886792	-0.627462702168	0.0150347408762	0.00201017546659
0.1875	104.208333333	-0.519233860384	0.029185238093	0.00193366033084
0.177777777778	111.177777778	-0.530761752506	0.0158714404798	0.0018745656598
0.183673469388	103.06122449	-0.564299013738	0.0178071826602	0.00183397485752
0.12	100.62	-0.636273612065	0.00441023397944	0.00173989618871
0.176470588235	98.9019607843	-0.558919534574	0.00762428160637	0.00177627648207
0.235294117647	98.3137254902	-0.449824468077	0.0209338544172	0.00180867907571
0.135593220339	84.8305084746	-0.637341591448	0.00693732072818	0.00184316511244
0.234042553191	109.85106383	-0.443825278069	0.0136476864647	0.00181414310168
0.188679245283	95.5094339623	-0.512366654416	0.00413153326631	0.00170314321035
0.122448979592	102.469387755	-0.657557121992	0.00625709193742	0.00170312437595
0.12	100.56	-0.635490525265	0.0114100121091	0.00174636185243
0.232558139535	118.604651163	-0.474596311994	0.0132107766148	0.0016224792303
0.130434782609	109.608695652	-0.618334315836	-0.00186698626531	0.00160412962836
0.243902439024	124.292682927	-0.421461599202	0.0189380462353	0.00160331151977
0.191489361702	106.787234043	-0.490313625832	0.00926123914518	0.00157654328468
0.137254901961	99.9607843137	-0.62690833623	0.0124122631761	0.00159742167574
0.127659574468	107.127659574	-0.62702666103	0.0105505754136	0.0015060795025
0.109090909091	92.7272727273	-0.678546476643	0.000532150869105	0.0014980749403
0.133333333333	114.555555556	-0.603291372193	0.0149870059968	0.00141301781961
0.377777777778	111.777777778	-0.180870102395	0.0120463553628	0.00138626819111
0.176470588235	100.647058824	-0.543735028689	0.00272280029954	0.00138350284764
0.339622641509	95.320754717	-0.262509865686	0.0149622453962	0.00146161544729
0.156862745098	101.333333333	-0.535691255965	0.00226941622482	0.00146364993735
0.170212765957	108.085106383	-0.511787419718	0.00973532284413	0.00155211285376
0.204545454545	115.204545455	-0.509783394396	0.0140521510176	0.00158128209771
0.24	100.52	-0.429534576583	0.0206805924593	0.00156429524121
0.162790697674	116.511627907	-0.551861117536	0.0147221713868	0.0015078170552
0.217391304348	109.282608696	-0.461704483208	0.0242342062354	0.00150228946382
0.239130434783	108.717391304	-0.418563369867	0.025188534878	0.0015571681197
0.272727272727	93.5636363636	-0.391596626014	0.0291087762405	0.00158608363042
0.269230769231	96.3461538462	-0.366136352563	0.0263617391838	0.00162469173202
0.170212765957	106.510638298	-0.548886375326	0.0327356188774	0.00175796397126
