win	turns/game	reward/game	average Q value	loss
0.0207468879668	83.3070539419	-0.864688063419	1.4239429654	0.374383864365
0.130952380952	119.892857143	-0.627480979538	0.0414093219221	0.001032461731
0.177215189873	127.367088608	-0.531766415455	0.0414111085336	0.000886566791665
0.232558139535	116.348837209	-0.424271370317	0.0441603324297	0.000940525847365
0.211764705882	118.905882353	-0.480698574605	0.0446184066884	0.000993755556752
0.193181818182	114.261363636	-0.525000961246	0.0381588964921	0.00101035919475
0.213333333333	134.893333333	-0.456089314741	0.0391136091061	0.000930917454553
0.2	133.76	-0.45682508206	0.0946207781076	0.00152067712306
0.197368421053	132.5	-0.448470418868	0.0504486891723	0.000838331325679
0.333333333333	129.756410256	-0.245128098353	0.0458414325933	0.000794079861002
0.3875	125.975	-0.1537274165	0.0550509729726	0.000742601485521
0.383561643836	137.98630137	-0.138001852558	0.054336112895	0.000756070663538
0.261904761905	120.488095238	-0.37639993037	0.0519019860238	0.000904019352086
0.247058823529	119.282352941	-0.416621237659	0.0435122201011	0.000991908796774
0.357142857143	119.047619048	-0.218629468581	0.0502699728256	0.000888971557912
0.282352941176	117.705882353	-0.365630414951	0.133338143354	0.00323063119205
