win	turns/game	reward/game	average Q value	loss
0.0245022970904	61.2848392037	-0.887420135303	0.977592180006	0.437939739938
0.258928571429	89.4821428571	-0.42961537373	0.07161731204	0.00259071647892
0.242718446602	97.6116504854	-0.428143410458	0.067940614784	0.00221409140112
0.28	100.85	-0.381867905182	0.0676906746878	0.0020910896075
0.236559139785	107.537634409	-0.434685924565	0.047460851296	0.00196971655459
0.300970873786	97.786407767	-0.335805544752	0.0409305305109	0.00182413740397
0.222222222222	101.494949495	-0.464673433736	0.0336411143518	0.00188387997004
0.192307692308	96.2019230769	-0.520886059988	0.0336640307959	0.00209138162926
0.217391304348	109.195652174	-0.485200023971	0.0386563330924	0.00213608745935
0.2	105.357894737	-0.490988274227	0.0302902809596	0.00210319787178
0.188679245283	94.641509434	-0.533678500566	0.0227782925377	0.00183194901128
0.247524752475	99.0693069307	-0.431522719376	0.0328798206029	0.00174999346682
0.297872340426	107.265957447	-0.329069521316	0.0320688811709	0.0017699616017
0.207920792079	99.7524752475	-0.49122123643	0.0261509031559	0.00178374053051
0.211538461538	96.9134615385	-0.480337586498	0.017659058728	0.00170898135893
0.19801980198	100.099009901	-0.508868842499	0.0111697810778	0.00171072005808
0.260869565217	109.47826087	-0.384247105875	0.0142114856894	0.00174549208554
0.242424242424	101.141414141	-0.426949134922	0.0174116936432	0.00180945107015
0.223529411765	118.529411765	-0.453768656279	0.0312480797103	0.00172375808682
0.282828282828	102.464646465	-0.357583942611	0.0242106691531	0.0016546869527
0.258064516129	107.860215054	-0.387210235619	0.0316710273425	0.0016710097227
0.214285714286	102.642857143	-0.485086123016	0.0170489947348	0.00171275880229
0.3125	104.84375	-0.328926834858	0.0395531394869	0.00191370719615
0.264705882353	98.9803921569	-0.389834933736	0.0227693201053	0.00192103942231
0.244897959184	102.948979592	-0.439566608739	0.0334902492519	0.00194655462209
0.173076923077	96.9903846154	-0.549058606374	0.0267253145258	0.00210060082764
0.2	100.54	-0.508390739179	0.0197371782674	0.00187338527732
0.105263157895	105.452631579	-0.69464308539	0.0092455541714	0.00187271531505
0.171717171717	101.272727273	-0.561133138407	0.00728922701668	0.00177898478445
0.194174757282	97.4077669903	-0.551315689741	0.0100062591247	0.00172996210425
0.207207207207	91.8108108108	-0.504708573275	0.0238675133832	0.00169580455399
0.294117647059	99.1666666667	-0.37935851577	0.017544649538	0.00180840822935
0.231481481481	93.0648148148	-0.455041807855	0.0189042926583	0.0019739578081
0.279279279279	90.2702702703	-0.38429384365	0.0173989596516	0.00216664240388
