win	turns/game	reward/game	average Q value	loss
0.0291262135922	77.9378640777	-0.860524274508	0.107943618658	0.00191851072865
0.282352941176	117.647058824	-0.355605393053	0.0627926091164	0.00128605040539
0.230769230769	110.340659341	-0.451138852072	0.05335415204	0.00113328418288
0.333333333333	121.261904762	-0.304890640452	0.0479850904973	0.00102801262176
0.3625	125.0625	-0.215157909608	0.0419486634208	0.000968357794874
0.310344827586	115.091954023	-0.319896228474	0.0271971334491	0.000854952746085
0.373493975904	120.975903614	-0.223663488952	0.0320660788499	0.000844223143683
0.317647058824	118.352941176	-0.297070008457	0.0276955666166	0.000830501926225
0.25	115.0	-0.409081448105	0.0167665526175	0.000918653167648
0.329268292683	124.0	-0.251073978035	0.0233896991291	0.000960085939691
0.302325581395	116.325581395	-0.319197878891	0.0253428958162	0.000957879630636
0.35	125.375	-0.198562904516	0.0303387858861	0.000884205794791
0.240963855422	122.060240964	-0.40836106947	0.0255137028419	0.000871244924794
0.235294117647	119.447058824	-0.422906266705	0.0194070445271	0.00085918755986
0.223684210526	131.631578947	-0.439639277677	0.0186309730067	0.000806518510647
0.2625	125.35	-0.344852117452	0.0181257800923	0.000829826422303
0.311688311688	130.181818182	-0.241904504535	0.0217925665104	0.000805791974903
0.253164556962	127.202531646	-0.393796256062	0.0328435065919	0.000889404458036
0.475609756098	122.085365854	-0.023934618007	0.0504086646594	0.00082141997139
0.423529411765	118.623529412	-0.106400904413	0.0434635247751	0.000806995637439
0.318181818182	115.886363636	-0.301529110711	0.040102441823	0.00089361817181
0.364705882353	118.258823529	-0.172179352913	0.0402581123756	0.0009010467057
0.25	139.513888889	-0.35989856547	0.0301327399613	0.000905443354953
0.25641025641	129.961538462	-0.352406264343	0.0270762531662	0.000861953266257
0.25	133.197368421	-0.343635796951	0.0260977254347	0.000792240321021
0.269230769231	129.628205128	-0.32234762571	0.0246200403977	0.000750204659683
0.363636363636	130.337662338	-0.21826195366	0.0276587997907	0.000732409287338
0.347222222222	139.916666667	-0.212393749776	0.0303936436974	0.000758423046592
0.320512820513	129.243589744	-0.255054645613	0.0290876996857	0.000754698981171
0.445945945946	136.405405405	-0.0757713230129	0.0382360184174	0.000803976546091
0.421052631579	132.447368421	-0.0862601124158	0.0367266026741	0.000827360651925
0.351351351351	135.945945946	-0.19592887219	0.0380316544278	0.000826540030799
0.357142857143	120.488095238	-0.192973444674	0.042058915276	0.000855495147544
0.395061728395	125.469135802	-0.147998218103	0.0329605482046	0.00086779437679
0.358974358974	128.230769231	-0.174896543118	0.0303546362946	0.000924331078026
0.361445783133	122.457831325	-0.174086647532	0.0321396686622	0.000940300005368
0.217948717949	128.807692308	-0.448079473167	0.0257435924286	0.000908369006849
0.278481012658	127.924050633	-0.338020980301	0.0263361111493	0.000909993524888
0.275862068966	116.011494253	-0.357105767505	0.0266666986869	0.000913031296527
0.3625	126.1625	-0.190940495285	0.0327013911842	0.000888483793741
0.296296296296	124.567901235	-0.304929201228	0.0276013114273	0.000878648680477
0.279069767442	118.046511628	-0.347345934819	0.0210049477597	0.000921159304096
0.385542168675	121.831325301	-0.167396760873	0.0269439164507	0.000902496105476
