win	turns/game	reward/game	average Q value	loss
0.0301003344482	67.3244147157	-0.874895893008	0.00859802375648	0.00236676179358
0.190909090909	91.6454545455	-0.526370186543	0.0366584008622	0.0019592611865
0.163461538462	96.5480769231	-0.587754046057	0.0374862587517	0.00216592570679
0.165137614679	92.3853211009	-0.56761787058	0.0413263406646	0.00212114265616
0.262626262626	102.050505051	-0.367513552658	0.0526201875075	0.00192099731344
0.145454545455	91.1181818182	-0.600074632425	0.0574289013569	0.00207885839438
0.114035087719	88.3596491228	-0.677981872334	0.0293129947922	0.0019597870057
0.209090909091	91.2545454545	-0.513319742245	0.0426834022063	0.00186932191208
0.2	91.3818181818	-0.509177950554	0.0421412390342	0.00213037564551
0.132231404959	82.9256198347	-0.648473814957	0.0278590291592	0.002060270171
0.236559139785	107.537634409	-0.438279894884	0.0418109381612	0.00161586800629
0.241071428571	89.4642857143	-0.438744145756	0.0581566334507	0.00201574138056
0.217821782178	99.5247524752	-0.471545904744	0.0618515667974	0.00186981823738
0.2	100.05	-0.507315477772	0.0532880262895	0.0017900378265
0.194444444444	92.6296296296	-0.526247602011	0.0316627576155	0.00168093813588
0.153153153153	90.2612612613	-0.60536129193	0.0271386985292	0.00200652436123
0.2	91.3181818182	-0.523509919255	0.026082657645	0.00196578026916
0.17094017094	85.5811965812	-0.598492681944	0.024861853036	0.00199914495269
0.223300970874	97.4951456311	-0.482468531347	0.0567189941406	0.00274778616448
0.196581196581	85.5128205128	-0.53286952753	0.0319858394357	0.0020921532329
0.232142857143	89.4196428571	-0.449000788131	0.0273475264756	0.00215965626449
0.176991150442	89.6637168142	-0.560272687645	0.0291004925437	0.00218644258068
0.17	100.28	-0.560737420343	0.0274475411829	0.00184719873911
0.271739130435	108.891304348	-0.378422115612	0.040482548882	0.00171517563903
0.21875	104.333333333	-0.448917636676	0.0393333601029	0.00167027496294
0.190476190476	95.5523809524	-0.516628316179	0.038128472586	0.00199215829844
0.279279279279	90.2792792793	-0.375434565664	0.05239268888	0.00207896368806
0.252427184466	97.7766990291	-0.422743754537	0.0409797765302	0.00203617714285
0.158878504673	93.9345794393	-0.565192789845	0.0337209196783	0.0021080662358
0.190476190476	95.9047619048	-0.510150051954	0.0266757092473	0.0017563076767
0.145833333333	104.583333333	-0.61263114693	0.0500280387639	0.00202543700612
0.163043478261	109.586956522	-0.5682997651	0.02411901455	0.00177475436857
0.263157894737	105.926315789	-0.386591321586	0.0474169206593	0.00177084179253
0.217821782178	99.1782178218	-0.495410332473	2.69631539446	2.48100631616
0.19801980198	99.8316831683	-0.502613526471	0.0576760918848	0.00210504139701
0.171717171717	102.474747475	-0.553492706633	0.0567807139124	0.00226451566356
