win	turns/game	reward/game	average Q value	loss
0.391025641026	128.391025641	-0.157468423285	0.0497105346726	0.000861351746452
0.2875	126.075	-0.327428481793	0.0479511125953	0.000915770716609
0.269230769231	128.846153846	-0.365735018581	0.0321290460609	0.000813223325847
0.329113924051	127.784810127	-0.2213736107	0.0442681299588	0.000913440610766
0.215189873418	127.35443038	-0.442749658579	0.0438521369291	0.000994407113429
0.27027027027	136.108108108	-0.354311617423	0.0384838115755	0.000910647333239
0.25641025641	129.371794872	-0.358139874916	0.0346583993688	0.000940775344431
0.222222222222	139.402777778	-0.404156611745	0.0343351037514	0.000867280562443
0.243902439024	123.341463415	-0.40493777868	0.0387060571552	0.000845134597184
0.225	126.225	-0.436002911985	0.0351340474246	0.000940784120322
0.315789473684	132.815789474	-0.267398812699	0.0416003063622	0.000895837066394
0.2625	125.0375	-0.340398691704	0.0407898564438	0.000999358699054
0.278481012658	127.607594937	-0.311254757681	0.03423256002	0.00087722531882
0.378048780488	123.158536585	-0.159993372657	0.0400963863682	0.000786060921482
0.296296296296	123.592592593	-0.30681532736	0.0351520261607	0.000854694905165
0.3375	125.7375	-0.23537207389	0.0361710848651	0.00083296279979
0.292682926829	123.268292683	-0.323577042977	0.0326514551733	0.000849294148822
0.305882352941	118.752941176	-0.302683036151	0.0271019223212	0.000904493889877
0.380952380952	119.345238095	-0.168670434214	0.0405065276256	0.000932147623015
0.358974358974	129.038461538	-0.18389503419	0.0448849726896	0.000937428109857
0.328767123288	137.123287671	-0.224784009615	0.0420784988686	0.000860102662154
0.293333333333	134.16	-0.289260554162	0.0305559434599	0.000725527855331
0.410256410256	129.987179487	-0.131681624897	0.0412935567712	0.000768855329586
0.346153846154	128.743589744	-0.218887975616	0.0298912994201	0.000886339642735
0.442857142857	143.428571429	-0.0497483476269	0.0422781996586	0.000797436388425
0.350649350649	129.909090909	-0.186800044168	0.044240846113	0.000823301416235
0.25974025974	130.636363636	-0.334518562132	0.0275896447771	0.000854459102227
0.376623376623	131.74025974	-0.164473878963	0.0344963543269	0.00088715564957
0.469135802469	125.111111111	-0.0414813046375	0.0453168443896	0.000892356823264
0.395061728395	125.358024691	-0.147177080039	0.0466286865391	0.000932200779713
0.295454545455	115.75	-0.318321507166	0.0297755601453	0.00103738813566
0.384615384615	130.282051282	-0.172382019415	0.0374836175445	0.000911005454125
0.456790123457	125.296296296	-0.0381738234468	0.057768748295	0.00108478946462
0.310344827586	116.195402299	-0.304782525684	0.0358276634271	0.000997133755031
0.205128205128	128.256410256	-0.476492316783	0.0226634841264	0.00107713897875
0.233766233766	130.25974026	-0.445887370165	0.0272785279076	0.000964967446515
