win	turns/game	reward/game	average Q value	loss
0.0891089108911	99.2821782178	-1.6600640859	0.34833495315	0.0200516067772
0.0505050505051	101.414141414	-1.79756707619	0.0635003177051	0.00875803169838
0.0594059405941	99.396039604	-1.76791838474	0.0513960591863	0.00807822162198
0.07	100.17	-1.73827674816	0.0611765442439	0.00818225768891
0.0510204081633	102.448979592	-1.7800712178	0.0426085092227	0.00808755450232
0.0689655172414	115.275862069	-1.75560827425	0.0579058195216	0.00760954310561
0.144578313253	121.662650602	-1.41529989767	0.0661435416923	0.00731592615577
0.130952380952	119.369047619	-1.46509064916	0.0995712280273	0.00712914665131
0.0970873786408	97.3883495146	-1.6210372119	0.0678332121637	0.00843276910372
0.14606741573	112.966292135	-1.39150033846	0.0903300319973	0.00836956662088
0.115789473684	105.684210526	-1.52439619911	0.099138100923	0.00862593706833
0.106382978723	108.138297872	-1.5863717008	0.0975321985031	0.00823538298479
0.0769230769231	110.274725275	-1.706991586	0.0961988731194	0.00756058733801
0.0752688172043	107.849462366	-1.71783835541	0.0626407278918	0.00735323571605
0.0526315789474	106.357894737	-1.79155242297	0.0555142479248	0.00728571964872
0.0909090909091	114.556818182	-1.64024888321	0.0935924834349	0.00739177025938
0.0909090909091	113.761363636	-1.62840351642	0.0975065281145	0.00771692984735
0.00854700854701	85.6666666667	-1.96295406057	0.14002531663	0.00977851549092
0.0260869565217	87.5826086957	-1.89718990104	0.171894202072	0.0115962292437
