win	turns/game	reward/game	average Q value	loss
0.0136186770428	78.1342412451	-0.884235375906	0.0461009522902	0.00156829008288
0.03	100.81	-0.834420511689	-0.0146804549969	0.00112917628785
0.0549450549451	110.021978022	-0.773469250989	-0.0112655687521	0.000982097345641
0.176470588235	118.8	-0.54113852455	-0.00102956713106	0.000908886034677
0.278481012658	127.544303797	-0.353593964789	0.0380150321715	0.000944342014655
0.235294117647	117.670588235	-0.436624982506	0.0439181356641	0.000963077172495
0.158536585366	123.146341463	-0.526457557684	0.0305382947348	0.000893536523677
0.279069767442	118.0	-0.332652538507	0.0311579110464	0.000844092127961
0.21978021978	110.659340659	-0.478597950567	0.0273118327566	0.000887937131212
0.195652173913	109.695652174	-0.508492754941	0.0203064959413	0.000934978956727
0.235294117647	118.658823529	-0.432979344846	0.0189091378052	0.000996549496064
0.252747252747	110.802197802	-0.411301367732	0.0171269668345	0.000987297354394
0.195402298851	115.862068966	-0.517647185495	0.0129497948281	0.000985972841566
0.261904761905	119.285714286	-0.379220537756	0.0179948582695	0.000924526204189
0.233333333333	111.2	-0.449713197104	0.0137123483069	0.000875299607853
0.253012048193	121.012048193	-0.386148968737	0.0180474379265	0.000874325372762
0.296296296296	123.543209877	-0.307711639593	0.0228322120748	0.000910690683029
0.345679012346	123.938271605	-0.248898351434	0.0273978115378	0.000899628603697
0.4375	126.6625	-0.0751972152661	0.03691261959	0.000864417081679
0.426829268293	123.890243902	-0.106811586293	0.0358900578377	0.000823370493901
0.333333333333	129.141025641	-0.241017280352	0.0369358536192	0.000818231158251
0.3875	125.2625	-0.135328581096	0.0354032786203	0.000856079499781
0.3125	126.725	-0.259086692131	0.0326019465228	0.000880125368932
0.4	134.173333333	-0.0970819286282	0.0367707233707	0.000827313501448
0.337662337662	131.376623377	-0.238849693205	0.0344359687494	0.000827026978034
0.475	125.2125	-0.023568971568	0.0415709033949	0.00083001419762
0.266666666667	133.813333333	-0.361194705852	0.0280269222457	0.000868513861403
0.506329113924	127.797468354	0.0536746254923	0.0485197167373	0.000866620686452
0.46835443038	128.721518987	0.00899566989356	0.0482633284782	0.00085274760513
0.4375	126.1125	-0.063775023179	0.0442361564504	0.000835909937417
0.418918918919	135.324324324	-0.108592893573	0.0459753857448	0.000845007281407
0.3875	125.5125	-0.145679525462	0.0384980589695	0.000834545247105
0.386666666667	133.426666667	-0.133075109974	0.0409118435791	0.00086620420618
0.5	133.171052632	0.0290699748385	0.0452041634035	0.000878772104533
0.4375	126.8375	-0.0665834166819	0.0416969097464	0.00092392906014
0.407407407407	125.345679012	-0.106619596148	0.0477675914309	0.00092843893128
0.440476190476	119.428571429	-0.057516233512	0.0482054504172	0.000946933275015
0.443037974684	126.987341772	-0.0515843378421	0.0475833929317	0.000942688053912
0.349397590361	120.939759036	-0.202519569077	0.0419001050615	0.000948776239818
0.363636363636	130.792207792	-0.154323055365	0.0402853736682	0.000917846206512
0.351351351351	135.432432432	-0.201665914176	0.0359400054657	0.000911538090169
0.373333333333	134.826666667	-0.159131055091	0.0396337930635	0.000895024219554
0.435897435897	129.987179487	-0.131892269607	0.0424133378065	0.000851322704912
